220.21
220.14
220.31
220.66
220.53
220.5
220.42
220.42
220.56
220.63
220.7
220.59
220.65
220.71
220.65
220.38
220.53
221
221.08
221.08
221.11
221.11
220.97
220.84
221.08
221.32
221.27
221.29
221.21
221.21
221.23
221.26
221.37
221.39
221.34
221.45
221.62
221.56
221.13
220.77
220.82
221.1
221.13
221.23
221.18
220.9
220.47
220.33
220.43
220.49
220.35
220.39
220.41
220.34
220.26
220.14
219.94
219.9
219.77
219.65
219.63
219.73
219.59
219.6
219.88
220.14
219.93
219.64
219.44
219.52
219.48
219.3
219.38
219.55
219.55
219.49
219.57
219.67
219.65
219.69
219.93
220.08
219.74
219.64
219.8
219.77
219.98
220.29
220.26
220.2
220.06
219.96
220.27
220.69
220.73
220.53
220.42
220.5
220.52
220.61
220.78
220.72
220.31
220.15
220.04
220.17
220.05
219.74
220.1
220.53
220.7
220.77
220.96
221.1
221.01
221.04
221.12
221.17
220.99
220.84
221.01
221.31
221.3
221.11
221.18
221.27
221.11
221.01
221.01
221.08
220.87
220.83
221
221.04
220.62
220.31
220.38
220.51
220.42
220.47
220.59
220.57
220.31
220.15
220.48
221.03
220.89
220.56
220.64
220.76
220.53
220.15
220.04
220.14
220.24
220.34
220.44
220.63
220.6
220.33
220.38
220.43
220.07
219.96
220.26
220.61
220.45
220.05
219.86
219.95
219.72
219.71
220
219.95
219.76
219.51
219.88
219.97
219.59
219.52
219.32
219.26
219.08
218.67
218.62
218.71
218.78
218.89
219.2
219.42
218.95
218.64
218.99
219.66
219.51
219.3
219.24
219.29
219.49
219.8
219.96
220.23
220.21
220.28
220.09
220.3
220.47
220.21
219.78
219.81
219.15
219.15
218.74
218.84
219.44
219.42
219.3
219.56
219.55
219.4
219.43
219.48
219.25
219.13
219.02
219.17
218.94
218.58
218.79
218.9
218.64
218.36
218.63
218.61
218.09
218.03
218
217.77
217.86
218.21
218.82
218.93
218.77
218.47
218.33
218.32
218.21
218.17
218.75
218.88
218.49
218.33
218.77
218.92
218.55
217.98
217.97
219.39
219.15
218.63
218.9
219.26
218.93
218.49
219.26
219.54
218.93
218.88
218.66
218.81
219.35
219.39
219.17
218.83
218.54
218.33
218.27
218.2
218.14
218.21
218.36
218.22
217.86
217.62
217.45
217.2
217.03
216.8
217.68
218.26
217.98
217.53
218.13
218.86
218.55
218.55
218.52
218.55
217.83
216.98
216.87
217.04
217.42
217.81
218.29
218.45
218.14
218.02
217.84
217.67
217.33
217.34
217.46
217.46
217.41
217.55
217.84
217.91
217.89
217.72
217.81
217.86
217.79
217.87
218.1
218.03
218.14
217.93
217.13
217.23
216.95
216.93
217.13
217.24
217.27
217.39
217.69
218.08
218.21
218.5
218.93
218.94
218.54
218.6
219.03
219.29
218.9
218.9
218.59
218.52
218.4
218.47
218.74
218.91
218.74
218.39
218.45
218.63
218.44
218.35
218.62
218.68
218.71
218.2
218.54
219.04
218.69
218.31
218.59
218.78
218.95
219.1
219.23
219.66
219.4
218.86
219.04
218.93
218.64
218.27
218.03
218.07
219.28
218.64
217.42
216.96
217.55
216.86
217.48
217.84
217.53
217.43
217.79
218.42
218.73
218.95
219.2
219.19
218.96
218.12
217.79
218
218.04
218.1
218.43
218.81
218.91
218.65
218.19
217.97
217.69
217.7
217.98
218.25
218.33
217.85
217.42
217.55
216.53
216.24
216.71
217.17
217.56
217.45
217.48
217.77
217.61
217.58
217.63
217.65
217.93
217.96
218.24
218.72
218.36
218.24
218.38
218.5
218.29
218.23
218.71
219.07
219.09
219.09
219.11
219.5
219.47
219.54
219.37
219.58
219.27
219.64
219.69
219.33
219.07
219
218.56
218.7
218.63
218.39
218.54
218.6
218.43
218.26
218.12
217.72
217.29
217.13
217.31
217.61
217.81
218.09
218.71
219.14
218.88
218.58
218.29
218.23
218
217.9
217.59
217.3
216.82
216.92
217.33
217.83
218.19
218.37
