205.23 208.69 212.42 215.03 219.25 223.13 230.77 235.60 241.81 244.55 248.05 256.91 263.11
207.03 209.55 212.69 215.56 218.40 223.53 232.09 235.84 242.69 246.68 249.41 254.96 265.58
209.13 209.55 212.91 216.50 220.02 224.09 233.79 238.05 244.12 246.08 247.20 254.06 265.65
211.61 210.68 213.64 216.56 220.48 225.09 234.15 236.83 242.37 245.26 248.65 255.85 261.82
210.14 211.89 213.50 216.81 221.29 225.54 233.09 236.38 242.38 244.70 245.98 250.65 264.20
206.38 210.29 213.04 216.07 220.38 225.97 232.85 235.27 240.35 244.14 248.73 254.48 259.96
204.25 208.64 213.05 216.12 219.46 225.27 233.38 236.06 241.17 244.66 247.68 253.80 262.84
206.10 207.38 212.15 215.61 219.91 226.61 232.76 235.71 240.85 244.27 248.66 255.28 263.95
204.63 207.37 212.65 216.05 220.74 226.92 232.75 234.90 240.65 243.98 247.48 255.61 263.62
203.31 207.37 213.16 217.36 221.83 226.80 232.57 233.13 240.13 244.63 248.88 255.66 261.87
204.55 206.90 213.86 217.77 222.09 225.71 230.95 233.60 240.61 244.15 246.82 255.19 265.36
206.26 208.22 213.47 217.39 222.05 226.04 230.44 236.34 241.29 243.85 247.01 254.43 265.76
206.82 208.57 213.45 217.22 221.55 225.42 230.89 235.07 239.16 242.56 247.96 255.99 263.87
209.84 208.52 213.38 217.17 221.83 225.23 230.96 234.36 240.40 244.77 249.30 257.37 264.20
206.06 208.16 213.06 217.16 221.44 224.91 230.89 234.77 240.64 244.99 249.66 254.36 262.26
207.39 208.70 213.73 217.77 220.35 224.06 231.68 234.20 239.35 242.99 248.00 255.25 260.43
207.03 207.40 212.66 217.11 220.55 224.36 231.54 234.09 239.66 243.58 246.69 252.99 262.50
205.90 206.38 212.79 216.73 220.14 224.60 231.92 234.71 239.67 243.37 247.33 253.13 263.38
205.29 206.23 212.89 216.74 220.44 224.34 231.14 234.50 240.26 244.19 248.49 254.57 261.09
205.19 207.60 214.89 217.81 221.36 225.47 232.27 232.70 239.46 244.08 249.14 257.09 260.71
208.06 210.25 216.66 218.76 221.49 226.42 231.62 234.28 239.88 244.21 249.25 254.49 261.84
212.01 211.74 217.60 220.03 222.18 226.11 232.06 235.25 240.58 243.52 246.59 253.50 264.27
213.90 214.26 217.82 220.09 222.30 225.50 230.93 233.10 237.23 240.85 246.13 254.74 261.20
213.11 214.18 218.28 220.82 222.35 224.07 230.30 232.47 238.69 243.34 247.22 250.64 261.64
212.00 213.33 218.71 220.43 221.47 223.05 229.74 232.28 237.09 241.05 245.92 253.54 261.12
212.48 213.43 217.74 219.18 220.26 222.09 229.11 232.04 238.92 243.25 246.60 253.27 262.10
212.46 212.85 217.57 218.86 219.00 222.26 229.37 232.78 238.62 243.23 248.61 255.28 259.23
213.16 213.22 216.80 217.43 219.60 222.45 228.60 232.25 238.37 242.05 246.57 254.60 259.05
207.49 210.54 216.13 217.12 219.01 221.94 228.48 230.48 236.41 240.66 245.43 252.70 262.58
207.33 209.51 214.89 216.46 217.98 221.28 228.13 231.55 237.75 241.61 245.64 253.37 262.58
207.15 209.76 214.84 216.79 218.68 222.11 229.24 232.57 238.71 243.06 248.46 256.25 260.51
206.50 209.95 214.55 216.31 218.53 221.97 228.76 232.93 238.86 243.10 248.05 254.16 260.30
206.45 209.48 213.48 216.15 218.57 222.25 228.87 233.44 238.78 242.77 246.83 253.36 260.96
209.89 210.51 212.54 214.90 218.67 222.62 229.07 233.31 238.48 242.39 246.77 252.94 260.45
208.60 210.51 212.70 215.36 219.36 223.93 231.81 232.60 237.04 241.91 247.66 253.17 261.23
211.60 211.62 213.12 215.48 219.73 224.96 229.96 233.71 239.09 242.33 246.03 252.70 260.12
211.00 211.73 213.53 215.75 220.12 224.23 230.37 233.20 239.05 241.67 244.26 250.44 260.68
213.59 210.11 212.86 215.36 219.90 223.76 229.49 233.25 237.29 240.10 244.01 249.46 258.24
213.56 211.88 213.18 215.96 219.78 222.63 229.54 232.11 236.74 239.59 244.51 250.67 255.98
214.08 213.43 213.44 216.22 218.82 223.21 230.00 231.51 236.34 239.89 244.93 250.14 256.67
215.44 213.50 214.07 215.59 218.99 222.53 230.41 231.97 236.82 240.53 244.64 250.40 258.82
213.10 212.88 214.00 215.77 218.75 222.83 229.24 230.38 235.88 239.67 244.58 251.77 259.46
214.79 211.04 212.93 215.63 218.31 221.68 228.62 230.46 236.50 240.77 245.86 251.89 259.95
211.88 211.18 212.42 214.64 217.76 221.58 228.23 230.58 235.50 239.26 244.95 251.86 259.31
211.24 211.35 213.53 214.81 217.93 221.78 227.97 229.66 233.75 237.45 242.49 251.25 260.59
208.93 210.29 213.82 215.58 217.34 220.85 226.67 228.88 233.38 237.63 243.48 252.00 258.30
209.53 212.80 214.81 215.97 218.62 221.52 226.24 229.36 233.82 237.59 242.94 250.88 259.26
208.99 211.35 213.96 215.41 217.45 221.90 226.65 229.98 234.24 237.86 242.31 250.54 257.52
204.19 209.14 212.93 214.73 216.84 220.97 228.21 231.67 235.54 238.41 241.39 247.95 258.58
205.63 209.03 213.19 213.44 216.39 219.62 227.55 230.47 234.91 238.44 243.26 249.67 256.50
205.48 209.37 213.14 213.48 215.36 218.38 227.15 231.48 236.00 239.92 244.66 250.56 255.41
207.72 208.56 213.20 214.16 215.25 216.81 227.52 232.08 237.66 241.28 244.89 251.46 255.95
208.86 208.66 212.02 213.70 215.79 217.92 225.67 230.85 237.84 241.61 246.04 252.42 256.18
207.86 207.52 210.70 212.33 215.45 218.13 226.29 232.40 237.85 241.35 245.25 251.79 255.82
210.36 208.17 208.81 210.46 214.00 218.45 228.78 232.63 235.70 238.60 243.29 252.10 257.46
212.24 209.66 209.38 210.03 213.35 219.80 230.07 233.33 235.90 238.96 243.93 250.27 256.46
211.42 209.89 210.66 211.45 212.94 219.23 228.20 233.61 237.78 240.47 244.01 251.58 257.71
209.57 211.13 211.78 212.73 214.95 219.44 226.42 230.38 237.71 241.84 245.97 253.72 260.00
208.10 210.09 213.14 214.55 217.00 219.28 226.72 229.43 236.11 242.43 249.02 254.50 259.50
210.47 210.50 213.26 215.10 218.18 220.03 225.51 229.13 236.55 241.97 248.34 256.00 259.77
209.12 211.60 214.19 215.67 218.74 221.05 226.07 229.60 238.99 244.80 249.76 255.06 259.09
211.22 212.70 214.02 216.63 219.72 222.87 224.72 229.56 238.99 243.01 247.53 255.80 258.80
209.08 210.94 212.80 216.54 220.92 223.62 225.24 228.21 234.93 241.19 248.14 254.97 258.19
207.43 210.57 213.07 215.76 221.00 223.54 223.58 226.25 234.11 240.63 249.38 255.81 253.89
211.65 209.10 212.23 215.01 218.97 222.52 225.16 227.70 233.42 238.91 246.23 253.76 256.48
212.96 211.83 213.61 216.06 218.48 221.36 225.59 227.25 235.32 240.92 247.48 254.36 256.64
212.12 212.56 213.90 216.09 218.43 221.62 225.64 229.23 235.29 240.42 247.44 253.73 255.93
210.67 211.04 213.61 215.73 218.50 221.23 226.23 230.13 235.97 240.25 245.03 252.18 258.34
210.78 210.53 213.21 215.44 216.38 220.64 225.50 229.98 235.11 238.93 244.12 250.80 255.78
211.82 210.65 211.78 213.78 216.21 219.51 224.52 230.03 235.23 238.39 242.93 249.84 254.99
212.57 211.39 211.73 213.03 215.75 219.02 224.61 230.01 235.91 240.14 244.08 248.17 254.10
212.31 211.11 210.99 212.62 216.11 218.23 226.97 232.47 237.16 239.93 242.18 246.48 255.06
210.26 210.42 210.83 212.16 215.37 218.90 228.15 233.66 235.08 237.69 241.85 247.69 254.43
208.12 208.96 209.89 211.51 214.99 218.31 228.10 232.55 236.13 239.11 242.12 247.05 252.09
209.62 207.85 208.00 211.03 215.03 217.32 229.88 231.85 236.08 240.04 244.18 246.38 248.92
212.83 209.62 208.86 210.51 213.93 219.17 227.73 233.96 237.95 240.59 242.82 242.61 250.06
211.28 211.45 209.69 211.02 213.79 218.63 228.70 231.15 239.24 241.89 241.14 241.06 249.36
210.40 210.46 210.36 210.91 214.14 219.23 231.40 234.60 236.53 238.11 238.57 240.12 247.96
208.03 208.01 208.87 210.38 215.10 222.51 229.23 232.77 236.02 238.27 238.33 240.60 251.15
208.90 207.67 207.16 209.56 214.48 220.88 229.00 232.38 235.68 237.89 239.28 241.51 250.28
208.98 208.09 207.31 209.08 212.58 219.77 228.87 231.82 237.30 240.42 243.26 244.68 249.49
206.74 206.71 209.05 209.13 211.67 218.85 229.28 232.90 236.84 239.82 242.84 246.12 253.84
205.33 205.78 208.41 209.58 213.03 219.27 230.40 233.42 236.42 239.76 242.76 245.25 252.68
206.00 205.12 207.31 210.26 215.74 221.42 229.49 233.33 235.69 239.99 246.25 249.29 252.96
206.15 206.39 207.60 211.26 217.29 223.21 231.22 233.52 238.20 241.52 243.70 246.05 253.71
203.53 206.42 209.01 212.15 217.08 225.14 229.09 231.69 238.31 241.66 244.20 246.79 251.14
209.40 206.93 207.03 213.12 219.37 224.44 227.85 232.24 238.38 242.10 244.40 246.24 248.37
208.95 208.74 209.59 212.10 217.90 224.06 229.02 230.40 236.54 241.35 244.75 245.82 249.06
211.72 210.79 209.67 212.40 217.77 221.50 228.93 230.24 236.25 239.45 241.50 243.87 249.55
212.09 210.76 211.76 212.43 215.91 221.16 227.54 230.83 235.18 237.60 240.14 241.80 246.57
213.35 212.82 212.33 214.15 216.51 220.62 225.24 229.63 233.64 236.98 240.70 242.99 238.59
212.79 213.10 212.92 214.66 217.02 221.76 225.33 225.79 228.42 232.38 237.18 237.93 244.41
213.39 212.83 212.55 213.80 217.57 222.33 219.34 221.83 231.01 235.90 237.16 238.23 249.88
